# Created by Octave 4.2.1, Fri Mar 09 19:22:33 2018 GMT <unknown@unknown>
# name: v
# type: matrix
# rows: 5
# columns: 1
 0.5092949271970697
 0.9259679660069563
 0.5545434176637567
 0.1033677247384467
 0.07335671254543645


